1FC2 F149A
            Hydrophobe   Acceptor      Donor      Acceptor  Hydrophobe  \
Hydrophobe    0.000000   2.397305   2.381136  5.217709e+00    4.811988   
Acceptor      2.397305   0.000000   2.280961  3.384944e+00    4.308542   
Donor         2.381136   2.280961   0.000000  3.470606e+00    2.460250   
Acceptor      5.217709   3.384944   3.470606  9.536743e-07    3.375496   
Hydrophobe    4.811988   4.308542   2.460250  3.375496e+00    0.000000   
...                ...        ...        ...           ...         ...   
Donor         8.506363   7.496636   9.613102  9.827286e+00   11.481051   
Acceptor     11.618365  10.647640  12.785843  1.281850e+01   14.626120   
Donor        11.757809  10.373936  12.585848  1.200713e+01   14.204826   
Acceptor     12.387227  10.588510  10.350087  8.453190e+00    8.748325   
Donor        13.507368  11.476022  11.546866  9.101538e+00   10.107596   

            Hydrophobe  Hydrophobe   Acceptor      Donor   Acceptor  ...  \
Hydrophobe    6.200417    6.931819   7.181105   5.278675   8.518187  ...   
Acceptor      5.339502    5.673453   5.354953   3.186100   6.163228  ...   
Donor         3.828190    4.584100   7.011646   5.021828   7.694429  ...   
Acceptor      3.317210    3.332363   4.936247   3.440034   4.942150  ...   
Hydrophobe    1.543359    2.542975   8.092171   6.291942   8.099795  ...   
...                ...         ...        ...        ...        ...  ...   
Donor        12.337710   12.128318   8.088945   7.121903   8.105401  ...   
Acceptor     15.427400   15.136814  10.471256   9.933514  10.350242  ...   
Donor        14.801859   14.377840   9.323864   9.071013   8.817741  ...   
Acceptor      7.797177    6.446645  11.735372  10.565225   8.857731  ...   
Donor         9.065031    7.701521  11.580751  10.810351   8.444060  ...   

                Donor      Donor   Acceptor  Hydrophobe  Hydrophobe  \
Hydrophobe   7.521807   6.860251   8.325998    5.438579    5.032066   
Acceptor     7.137736   6.752006   7.978371    4.905246    5.149123   
Donor        8.223212   8.305639   9.928799    6.838585    6.875119   
Acceptor     9.652710   9.784971  10.823724    7.860142    8.354625   
Hydrophobe   9.657263  10.315606  12.075998    8.953681    9.191129   
...               ...        ...        ...         ...         ...   
Donor        5.617953   3.734687   2.360385    3.183322    4.290271   
Acceptor     7.854794   6.100602   3.956817    6.227335    7.042544   
Donor        8.572173   7.207065   5.321552    6.704284    7.770267   
Acceptor    12.442770  14.364774  15.951608   13.415517   14.534388   
Donor       13.569897  15.243525  16.468541   14.105172   15.304162   

                Donor   Acceptor      Donor      Acceptor      Donor  
Hydrophobe   8.506363  11.618365  11.757809  1.238723e+01  13.507368  
Acceptor     7.496636  10.647640  10.373936  1.058851e+01  11.476022  
Donor        9.613102  12.785843  12.585848  1.035009e+01  11.546866  
Acceptor     9.827286  12.818500  12.007127  8.453190e+00   9.101538  
Hydrophobe  11.481051  14.626120  14.204826  8.748325e+00  10.107596  
...               ...        ...        ...           ...        ...  
Donor        0.000000   3.175542   3.614170  1.422995e+01  14.551423  
Acceptor     3.175542   0.000000   2.278892  1.657668e+01  16.670628  
Donor        3.614170   2.278892   0.000000  1.537774e+01  15.208962  
Acceptor    14.229952  16.576683  15.377741  9.536743e-07   2.275269  
Donor       14.551423  16.670628  15.208962  2.275269e+00   0.000000  

[85 rows x 85 columns]
1FC2 F149W
            Hydrophobe   Acceptor      Donor      Acceptor  Hydrophobe  \
Hydrophobe    0.000000   2.397305   2.381136  5.217709e+00    4.811988   
Acceptor      2.397305   0.000000   2.280961  3.384944e+00    4.308542   
Donor         2.381136   2.280961   0.000000  3.470606e+00    2.460250   
Acceptor      5.217709   3.384944   3.470606  9.536743e-07    3.375496   
Hydrophobe    4.811988   4.308542   2.460250  3.375496e+00    0.000000   
...                ...        ...        ...           ...         ...   
Donor         8.506363   7.496636   9.613102  9.827286e+00   11.481051   
Acceptor     11.618365  10.647640  12.785843  1.281850e+01   14.626120   
Donor        11.757809  10.373936  12.585848  1.200713e+01   14.204826   
Acceptor     12.387227  10.588510  10.350087  8.453190e+00    8.748325   
Donor        13.507368  11.476022  11.546866  9.101538e+00   10.107596   

            Hydrophobe  Hydrophobe   Acceptor      Donor   Acceptor  ...  \
Hydrophobe    6.200417    6.931819   7.181105   5.278675   8.518187  ...   
Acceptor      5.339502    5.673453   5.354953   3.186100   6.163228  ...   
Donor         3.828190    4.584100   7.011646   5.021828   7.694429  ...   
Acceptor      3.317210    3.332363   4.936247   3.440034   4.942150  ...   
Hydrophobe    1.543359    2.542975   8.092171   6.291942   8.099795  ...   
...                ...         ...        ...        ...        ...  ...   
Donor        12.337710   12.128318   8.088945   7.121903   8.105401  ...   
Acceptor     15.427400   15.136814  10.471256   9.933514  10.350242  ...   
Donor        14.801859   14.377840   9.323864   9.071013   8.817741  ...   
Acceptor      7.797177    6.446645  11.735372  10.565225   8.857731  ...   
Donor         9.065031    7.701521  11.580751  10.810351   8.444060  ...   

                Donor      Donor   Acceptor  Hydrophobe  Hydrophobe  \
Hydrophobe   7.521807   6.860251   8.325998    5.438579    5.032066   
Acceptor     7.137736   6.752006   7.978371    4.905246    5.149123   
Donor        8.223212   8.305639   9.928799    6.838585    6.875119   
Acceptor     9.652710   9.784971  10.823724    7.860142    8.354625   
Hydrophobe   9.657263  10.315606  12.075998    8.953681    9.191129   
...               ...        ...        ...         ...         ...   
Donor        5.617953   3.734687   2.360385    3.183322    4.290271   
Acceptor     7.854794   6.100602   3.956817    6.227335    7.042544   
Donor        8.572173   7.207065   5.321552    6.704284    7.770267   
Acceptor    12.442770  14.364774  15.951608   13.415517   14.534388   
Donor       13.569897  15.243525  16.468541   14.105172   15.304162   

                Donor   Acceptor      Donor      Acceptor      Donor  
Hydrophobe   8.506363  11.618365  11.757809  1.238723e+01  13.507368  
Acceptor     7.496636  10.647640  10.373936  1.058851e+01  11.476022  
Donor        9.613102  12.785843  12.585848  1.035009e+01  11.546866  
Acceptor     9.827286  12.818500  12.007127  8.453190e+00   9.101538  
Hydrophobe  11.481051  14.626120  14.204826  8.748325e+00  10.107596  
...               ...        ...        ...           ...        ...  
Donor        0.000000   3.175542   3.614170  1.422995e+01  14.551423  
Acceptor     3.175542   0.000000   2.278892  1.657668e+01  16.670628  
Donor        3.614170   2.278892   0.000000  1.537774e+01  15.208962  
Acceptor    14.229952  16.576683  15.377741  9.536743e-07   2.275269  
Donor       14.551423  16.670628  15.208962  2.275269e+00   0.000000  

[85 rows x 85 columns]
1FC2 I135W
                Acceptor   Acceptor      Donor      Acceptor  Hydrophobe  \
Acceptor    9.536743e-07   4.034250   3.897800  5.477789e+00    5.731816   
Acceptor    4.034250e+00   0.000000   2.257227  3.213788e+00    4.212251   
Donor       3.897800e+00   2.257227   0.000000  3.449620e+00    2.407516   
Acceptor    5.477789e+00   3.213788   3.449620  9.536743e-07    3.430827   
Hydrophobe  5.731816e+00   4.212251   2.407516  3.430827e+00    0.000000   
...                  ...        ...        ...           ...         ...   
Donor       1.699572e+01  17.225198  17.945442  1.498307e+01   17.732741   
Hydrophobe  1.201151e+01  11.700684  13.775494  1.300855e+01   15.675631   
Hydrophobe  1.115628e+01  11.262965  13.235756  1.277854e+01   15.243879   
Acceptor    1.098741e+01  11.927059  13.665658  1.337802e+01   15.682707   
Donor       1.260340e+01  13.067703  14.960881  1.424270e+01   16.858482   

             Acceptor      Donor      Donor   Acceptor      Donor  ...  \
Acceptor     7.094634   7.329872   3.683856   4.763959   2.807885  ...   
Acceptor     6.013383   4.950384   3.353696   4.915995   3.134338  ...   
Donor        4.546806   4.102019   2.705778   5.714346   4.022160  ...   
Acceptor     3.885800   2.860836   2.287452   3.825262   3.592292  ...   
Hydrophobe   2.386965   2.389800   3.100487   6.495711   5.511717  ...   
...               ...        ...        ...        ...        ...  ...   
Donor       16.425542  16.637575  15.398037  12.593056  14.849614  ...   
Hydrophobe  16.762610  15.706284  13.335154  10.802978  10.713206  ...   
Hydrophobe  16.418723  15.501901  12.853253  10.449813  10.165210  ...   
Acceptor    16.772357  16.166699  13.074564  10.588510  10.350087  ...   
Donor       17.814701  17.051186  14.243978  11.476022  11.546866  ...   

                Donor   Acceptor  Hydrophobe  Hydrophobe      Donor  \
Acceptor    11.262347  14.401448   12.814241   14.079080  14.482117   
Acceptor    12.301005  15.431828   13.214968   14.160314  15.193747   
Donor       12.561104  15.652466   13.449322   14.474606  15.738078   
Acceptor    10.167254  13.155106   10.657748   11.497284  13.050156   
Hydrophobe  12.376586  15.297468   12.914193   13.853158  15.591961   
...               ...        ...         ...         ...        ...   
Donor        6.488038   4.751069    5.441734    4.636090   3.052388   
Hydrophobe  14.851806  17.181296   16.202927   16.832563  15.684480   
Hydrophobe  14.722617  17.156315   16.263552   17.022061  15.812316   
Acceptor    14.229952  16.576683   16.047417   16.939894  15.377741   
Donor       14.551423  16.670628   16.155505   16.869284  15.208962   

                Donor  Hydrophobe    Hydrophobe      Acceptor      Donor  
Acceptor    16.995720   12.011509  1.115628e+01  1.098741e+01  12.603396  
Acceptor    17.225198   11.700684  1.126297e+01  1.192706e+01  13.067703  
Donor       17.945442   13.775494  1.323576e+01  1.366566e+01  14.960881  
Acceptor    14.983066   13.008549  1.277854e+01  1.337802e+01  14.242702  
Hydrophobe  17.732741   15.675631  1.524388e+01  1.568271e+01  16.858482  
...               ...         ...           ...           ...        ...  
Donor        0.000000   16.775854  1.715478e+01  1.695616e+01  16.406574  
Hydrophobe  16.775854    0.000000  1.540226e+00  3.672889e+00   2.643138  
Hydrophobe  17.154781    1.540226  9.536743e-07  2.387746e+00   2.381406  
Acceptor    16.956162    3.672889  2.387746e+00  9.536743e-07   2.275269  
Donor       16.406574    2.643138  2.381406e+00  2.275269e+00   0.000000  

[88 rows x 88 columns]
1FC2 I150A
            Hydrophobe      Acceptor    Hydrophobe  Hydrophobe   Acceptor  \
Hydrophobe    0.000000  2.433456e+00  1.544076e+00    2.573983   4.934556   
Acceptor      2.433456  9.536743e-07  3.380055e+00    3.458431   5.440311   
Hydrophobe    1.544076  3.380055e+00  9.536743e-07    1.540614   3.669207   
Hydrophobe    2.573983  3.458431e+00  1.540614e+00    0.000000   2.390517   
Acceptor      4.934556  5.440311e+00  3.669207e+00    2.390517   0.000000   
...                ...           ...           ...         ...        ...   
Donor        13.909251  1.180465e+01  1.391700e+01   12.930708  12.430393   
Hydrophobe   14.249189  1.201151e+01  1.443425e+01   13.427034  13.154660   
Hydrophobe   13.293479  1.115628e+01  1.336784e+01   12.273009  11.849045   
Acceptor     12.952698  1.098741e+01  1.293514e+01   11.679875  11.095648   
Donor        14.724106  1.260340e+01  1.484339e+01   13.669808  13.242563   

                Donor   Acceptor      Donor   Acceptor      Donor  ...  \
Hydrophobe   2.386895   5.614864   4.819503   6.799472   5.051515  ...   
Acceptor     2.302365   4.034250   3.683856   4.763959   2.807885  ...   
Hydrophobe   3.021301   6.516317   6.261293   8.048810   6.170437  ...   
Hydrophobe   3.800212   6.940304   6.899938   8.028955   6.193039  ...   
Acceptor     5.685792   8.537060   9.056101   9.780162   7.924290  ...   
...               ...        ...        ...        ...        ...  ...   
Donor       12.728749  11.282392  13.397594  11.383554  10.830153  ...   
Hydrophobe  13.279255  11.700684  13.335154  10.802978  10.713206  ...   
Hydrophobe  12.459768  11.262965  12.853253  10.449813  10.165210  ...   
Acceptor    12.541006  11.927059  13.074564  10.588510  10.350087  ...   
Donor       14.161605  13.067703  14.243978  11.476022  11.546866  ...   

            Hydrophobe      Donor  Hydrophobe      Donor      Donor  \
Hydrophobe   16.169094  14.088128   12.137697  11.677465  10.994904   
Acceptor     14.422287  12.294532   10.295054  10.172800   9.793745   
Hydrophobe   15.876989  13.782210   11.920364  11.180044  10.326565   
Hydrophobe   14.513305  12.649912   10.937582  10.002781   9.292313   
Acceptor     13.382541  11.638411   10.201630   8.782717   7.945049   
...                ...        ...         ...        ...        ...   
Donor         5.844480   2.859607    2.861628   4.878069   6.554121   
Hydrophobe    5.768912   4.706635    4.866025   6.486993   8.386439   
Hydrophobe    4.914410   3.894731    4.073453   5.237015   7.251704   
Acceptor      4.024832   4.894721    5.390170   5.441030   7.593146   
Donor         4.301159   5.564125    6.334825   7.045616   9.225537   

                Donor  Hydrophobe    Hydrophobe      Acceptor      Donor  
Hydrophobe  13.909251   14.249189  1.329348e+01  1.295270e+01  14.724106  
Acceptor    11.804645   12.011509  1.115628e+01  1.098741e+01  12.603396  
Hydrophobe  13.917003   14.434249  1.336784e+01  1.293514e+01  14.843388  
Hydrophobe  12.930708   13.427034  1.227301e+01  1.167987e+01  13.669808  
Acceptor    12.430393   13.154660  1.184904e+01  1.109565e+01  13.242563  
...               ...         ...           ...           ...        ...  
Donor        0.000000    2.360180  2.342614e+00  4.528017e+00   4.390110  
Hydrophobe   2.360180    0.000000  1.540226e+00  3.672889e+00   2.643138  
Hydrophobe   2.342614    1.540226  9.536743e-07  2.387746e+00   2.381406  
Acceptor     4.528017    3.672889  2.387746e+00  9.536743e-07   2.275269  
Donor        4.390110    2.643138  2.381406e+00  2.275269e+00   0.000000  

[101 rows x 101 columns]
1FC2 K154A
                Donor      Donor      Acceptor    Hydrophobe  Hydrophobe  \
Donor        0.000000   7.032915  9.229183e+00  6.106448e+00    6.469981   
Donor        7.032915   0.000000  3.476333e+00  2.454969e+00    3.842369   
Acceptor     9.229183   3.476333  9.536743e-07  3.380055e+00    3.458431   
Hydrophobe   6.106448   2.454969  3.380055e+00  9.536743e-07    1.540614   
Hydrophobe   6.469981   3.842369  3.458431e+00  1.540614e+00    0.000000   
...               ...        ...           ...           ...         ...   
Acceptor    13.542300  12.294272  1.059799e+01  1.020835e+01    9.162526   
Donor       14.558619  14.607786  1.302093e+01  1.231215e+01   11.107728   
Donor       15.643292  12.922940  1.017280e+01  1.118004e+01   10.002781   
Donor       14.685268  12.118967  9.793745e+00  1.032656e+01    9.292313   
Acceptor    17.464002  14.305313  1.098741e+01  1.293514e+01   11.679875   

             Acceptor      Donor      Donor      Donor  Hydrophobe  ...  \
Donor        6.872989   6.238734   8.932368  11.936813   12.075896  ...   
Donor        6.110014   4.899518   2.686673   5.708503    6.466415  ...   
Acceptor     5.440311   5.274463   2.302365   2.807885    3.200065  ...   
Hydrophobe   3.669207   2.666361   3.021301   6.170437    6.094512  ...   
Hydrophobe   2.390517   2.411082   3.800212   6.193039    5.730032  ...   
...               ...        ...        ...        ...         ...  ...   
Acceptor     7.299128   8.147715  10.522832  11.877056    9.570638  ...   
Donor        8.903091  10.120386  13.171132  14.450418   12.238700  ...   
Donor        8.782717  10.046046  10.821082  10.427774    8.070253  ...   
Donor        7.945049   8.840959   9.973840  10.431348    7.993781  ...   
Acceptor    11.095648  12.763370  12.541006  10.350087    8.748325  ...   

            Hydrophobe      Donor   Acceptor      Donor      Donor   Acceptor  \
Donor        10.926095  10.291043  10.810645   8.970292  12.062912  13.542300   
Donor         7.703000   8.277042  10.933470   6.905424  10.836645  12.294272   
Acceptor      5.096433   7.141033  10.404522   6.813457   9.769504  10.597987   
Hydrophobe    5.960818   6.326334   8.787246   5.249805   8.857756  10.208348   
Hydrophobe    4.802080   5.603728   8.062128   5.126106   8.114999   9.162526   
...                ...        ...        ...        ...        ...        ...   
Acceptor      5.936797   4.212651   4.019230   6.528016   2.642678   0.000000   
Donor         8.261622   6.899473   5.305976   9.036371   5.192224   3.243171   
Donor         5.309485   6.636521   8.273144   9.050930   6.582146   4.583381   
Donor         5.003940   4.913647   6.398955   7.301721   4.482128   2.828688   
Acceptor      7.497040  10.748580  12.893188  12.880236  11.520226   9.668492   

                   Donor      Donor      Donor      Acceptor  
Donor       1.455862e+01  15.643292  14.685268  1.746400e+01  
Donor       1.460779e+01  12.922940  12.118967  1.430531e+01  
Acceptor    1.302093e+01  10.172800   9.793745  1.098741e+01  
Hydrophobe  1.231215e+01  11.180044  10.326565  1.293514e+01  
Hydrophobe  1.110773e+01  10.002781   9.292313  1.167987e+01  
...                  ...        ...        ...           ...  
Acceptor    3.243171e+00   4.583381   2.828688  9.668492e+00  
Donor       9.536743e-07   6.265484   5.422539  1.062059e+01  
Donor       6.265484e+00   0.000000   2.274427  5.441030e+00  
Donor       5.422539e+00   2.274427   0.000000  7.593146e+00  
Acceptor    1.062059e+01   5.441030   7.593146  9.536743e-07  

[71 rows x 71 columns]
1FC2 L136D
             Acceptor      Acceptor      Donor   Acceptor      Donor  \
Acceptor     0.000000  3.213788e+00   3.353696   4.915995   3.134338   
Acceptor     3.213788  9.536743e-07   2.287452   3.825262   3.592292   
Donor        3.353696  2.287452e+00   0.000000   3.535439   2.726659   
Acceptor     4.915995  3.825262e+00   3.535439   0.000000   2.280961   
Donor        3.134338  3.592292e+00   2.726659   2.280961   0.000000   
...               ...           ...        ...        ...        ...   
Hydrophobe  15.634836  1.653712e+01  17.554052  15.071174  15.278532   
Acceptor    13.974195  1.466988e+01  15.886840  13.527921  13.800626   
Donor       14.114104  1.472442e+01  15.723164  13.032627  13.465467   
Donor        6.658520  8.874065e+00   9.897058   9.987321   8.692823   
Donor        7.831017  9.384437e+00  10.792988  10.462020   9.612356   

             Acceptor  Hydrophobe  Hydrophobe      Donor   Acceptor  ...  \
Acceptor     4.804830    3.374626    4.206472   2.698498   5.896358  ...   
Acceptor     5.179817    5.402504    6.406448   3.355400   5.318935  ...   
Donor        5.696647    4.837310    6.217087   4.202849   6.937555  ...   
Acceptor     3.384944    4.308542    5.339502   3.526300   5.214578  ...   
Donor        3.470606    2.460250    3.828190   2.761623   5.771625  ...   
...               ...         ...         ...        ...        ...  ...   
Hydrophobe  11.938443   13.945893   12.607061  13.489604  11.555332  ...   
Acceptor    10.398209   12.660830   11.391409  11.777249   9.547948  ...   
Donor       10.062072   12.375926   11.166782  11.779629   9.705407  ...   
Donor        7.367586    7.175615    6.179262   6.519830   7.094076  ...   
Donor        7.655347    8.398982    7.379390   7.073009   6.508802  ...   

            Hydrophobe   Acceptor  Hydrophobe  Hydrophobe      Donor  \
Acceptor     13.524320  14.556107   12.017856   11.243180  14.743642   
Acceptor     15.153574  15.778867   13.620322   13.120897  16.034478   
Donor        16.149590  17.024485   14.620536   14.047311  17.047805   
Acceptor     14.506609  15.231391   13.009359   12.761081  14.967257   
Donor        14.025410  15.034051   12.518881   12.017158  14.817994   
...                ...        ...         ...         ...        ...   
Hydrophobe    4.864087   4.080355    5.275712    6.784095   2.509233   
Acceptor      4.659809   3.487891    4.519551    5.994203   3.083499   
Donor         5.899843   5.333925    5.661105    7.065040   4.079724   
Donor         8.283876   9.410814    7.002811    5.845961  10.158479   
Donor         7.398351   8.003748    6.140307    5.320890   9.082626   

              Hydrophobe   Acceptor      Donor      Donor      Donor  
Acceptor    1.563484e+01  13.974195  14.114104   6.658520   7.831017  
Acceptor    1.653712e+01  14.669879  14.724419   8.874065   9.384437  
Donor       1.755405e+01  15.886840  15.723164   9.897058  10.792988  
Acceptor    1.507117e+01  13.527921  13.032627   9.987321  10.462020  
Donor       1.527853e+01  13.800626  13.465467   8.692823   9.612356  
...                  ...        ...        ...        ...        ...  
Hydrophobe  9.536743e-07   2.397951   2.407406  11.844670  10.651209  
Acceptor    2.397951e+00   0.000000   2.176251  10.272638   8.829658  
Donor       2.407406e+00   2.176251   0.000000  11.231423  10.063744  
Donor       1.184467e+01  10.272638  11.231423   0.000000   2.263764  
Donor       1.065121e+01   8.829658  10.063744   2.263764   0.000000  

[91 rows x 91 columns]
1FC2 L163W
                Acceptor      Donor   Acceptor      Donor      Acceptor  \
Acceptor    9.536743e-07   2.287452   3.825262   3.592292  5.179817e+00   
Donor       2.287452e+00   0.000000   3.535439   2.726659  5.696647e+00   
Acceptor    3.825262e+00   3.535439   0.000000   2.280961  3.384944e+00   
Donor       3.592292e+00   2.726659   2.280961   0.000000  3.470606e+00   
Acceptor    5.179817e+00   5.696647   3.384944   3.470606  9.536743e-07   
Donor       3.355400e+00   4.202849   3.526300   2.761623  2.316486e+00   
Donor       3.278842e+00   5.014573   3.747485   4.549266  3.546681e+00   
Acceptor    6.459258e+00   7.870633   5.354953   7.011646  4.936247e+00   
Hydrophobe  3.821412e+00   5.211106   3.842948   5.456088  5.265401e+00   
Hydrophobe  3.216355e+00   4.865118   4.628540   5.810342  6.185568e+00   
Acceptor    5.484330e+00   7.275661   6.645801   8.043046  7.688028e+00   
Donor       5.314570e+00   6.182088   3.186100   5.021828  3.440034e+00   
Acceptor    8.709510e+00   9.482565   6.163228   7.694429  4.942150e+00   
Hydrophobe  6.904172e+00   7.015313   3.482554   5.291888  3.942435e+00   
Hydrophobe  6.714031e+00   6.547050   3.195351   5.259523  4.891827e+00   
Donor       6.940712e+00   7.864181   4.899597   6.010483  2.904699e+00   
Hydrophobe  9.993272e+00  11.071631   8.073246  10.068055  7.917326e+00   
Hydrophobe  8.942193e+00  10.010457   7.217806   9.312569  7.601667e+00   
Hydrophobe  1.239167e+01  12.768986   9.323596  11.262084  9.333530e+00   
Acceptor    1.385325e+01  13.642581  10.210456  11.746241  1.022052e+01   
Acceptor    1.180155e+01  11.565193   8.209731   9.250220  7.455865e+00   
Acceptor    1.368019e+01  12.644873   9.940643  10.546650  1.019871e+01   
Donor       1.280832e+01  12.067952   8.991470  10.029203  9.269528e+00   
Acceptor    1.037651e+01   9.218100   6.699325   7.274531  7.550647e+00   
Hydrophobe  1.082096e+01  10.191233   7.017104   8.420148  7.831862e+00   
Hydrophobe  1.143951e+01  10.808946   7.729106   9.338684  8.943500e+00   
Donor       1.081336e+01  10.052465   7.125780   7.735366  6.977558e+00   
Hydrophobe  1.019030e+01   9.678550   6.933764   7.045680  5.667469e+00   
Donor       1.464305e+01  13.267373  11.021415  11.509058  1.188643e+01   
Donor       1.172103e+01  10.076698   8.590086   8.334315  9.473646e+00   
Hydrophobe  9.363203e+00   7.777835   6.313045   5.964478  7.317788e+00   
Hydrophobe  8.044953e+00   6.385016   5.342562   4.645351  6.488144e+00   
Hydrophobe  1.298818e+01  10.855388  11.056890  10.999631  1.367232e+01   
Acceptor    1.122076e+01   9.226906   9.283350   9.555307  1.217602e+01   
Donor       1.076550e+01   8.580374   9.028099   8.749010  1.160191e+01   
Acceptor    9.047407e+00   6.902751   8.363675   8.029892  1.126842e+01   
Donor       9.577444e+00   7.345781   8.074643   7.120326  1.005469e+01   
Donor       8.689456e+00   6.726865   7.244632   7.489204  1.034639e+01   
Acceptor    9.593083e+00   8.264618   8.240985   9.316751  1.158729e+01   
Donor       9.938955e+00   8.323727   7.901637   8.794935  1.105837e+01   
Acceptor    1.138565e+01  10.276595   8.578540  10.118995  1.133002e+01   
Hydrophobe  1.167051e+01  10.090591   8.998232   9.982007  1.180724e+01   
Acceptor    1.139433e+01   9.640526   8.482453   9.068316  1.090863e+01   
Donor       1.028026e+01   8.852760   7.137736   8.223212  9.652710e+00   
Donor       9.237193e+00   8.168359   6.752006   8.305639  9.784971e+00   
Acceptor    1.002739e+01   9.567356   7.978371   9.928799  1.082372e+01   
Hydrophobe  7.373551e+00   6.795485   4.905246   6.838585  7.860142e+00   
Hydrophobe  6.833681e+00   6.215877   5.149123   6.875119  8.354625e+00   
Donor       1.016725e+01   9.877868   7.496636   9.613102  9.827286e+00   
Acceptor    1.315511e+01  12.955704  10.647640  12.785843  1.281850e+01   
Hydrophobe  1.065775e+01  10.795510   8.683556  10.896915  1.090566e+01   
Hydrophobe  1.149728e+01  11.879136   9.765668  12.009789  1.174315e+01   
Donor       1.305016e+01  13.110373  10.373936  12.585848  1.200713e+01   
Acceptor    1.581872e+01  16.039831  13.518323  15.768283  1.514950e+01   
Donor       1.498307e+01  15.398037  12.593056  14.849614  1.377348e+01   
Acceptor    1.353585e+01  14.330227  11.747578  14.007189  1.278289e+01   

                Donor         Donor   Acceptor  Hydrophobe  Hydrophobe  ...  \
Acceptor     3.355400  3.278842e+00   6.459258    3.821412    3.216355  ...   
Donor        4.202849  5.014573e+00   7.870633    5.211106    4.865118  ...   
Acceptor     3.526300  3.747485e+00   5.354953    3.842948    4.628540  ...   
Donor        2.761623  4.549266e+00   7.011646    5.456088    5.810342  ...   
Acceptor     2.316486  3.546681e+00   4.936247    5.265401    6.185568  ...   
Donor        0.000000  2.874647e+00   5.729368    4.901303    5.245496  ...   
Donor        2.874647  9.536743e-07   3.429000    2.471032    3.015829  ...   
Acceptor     5.729368  3.429000e+00   0.000000    3.388931    4.698431  ...   
Hydrophobe   4.901303  2.471032e+00   3.388931    0.000000    1.537386  ...   
Hydrophobe   5.245496  3.015829e+00   4.698431    1.537386    0.000000  ...   
Acceptor     7.054659  4.318537e+00   4.531269    2.828831    2.414039  ...   
Donor        4.442837  2.922271e+00   2.295399    2.916295    4.377835  ...   
Acceptor     6.886425  5.907073e+00   3.587786    6.276835    7.761766  ...   
Hydrophobe   5.640318  5.158120e+00   4.350193    5.055378    6.478833  ...   
Hydrophobe   6.157317  5.544686e+00   5.009163    4.847330    6.164390  ...   
Donor        4.743582  4.124541e+00   3.102557    5.256604    6.569873  ...   
Hydrophobe   9.271873  7.201735e+00   3.830216    6.468529    7.823907  ...   
Hydrophobe   8.679881  6.407715e+00   3.272873    5.258151    6.560512  ...   
Hydrophobe  11.246892  1.001111e+01   7.193265    9.342104   10.840447  ...   
Acceptor    12.340282  1.196236e+01   9.907458   11.584503   13.076178  ...   
Acceptor     9.690289  9.970595e+00   8.625919   10.271143   11.720130  ...   
Acceptor    12.027347  1.286984e+01  12.297549   12.913484   14.162887  ...   
Donor       11.236807  1.161810e+01  10.574557   11.478232   12.830820  ...   
Acceptor     9.067998  9.966859e+00   9.969091    9.949957   11.061406  ...   
Hydrophobe   9.648162  9.658257e+00   8.589114    9.221470   10.563793  ...   
Hydrophobe  10.636839  1.034234e+01   9.056943    9.549934   10.864565  ...   
Donor        8.899486  9.775028e+00   9.376700   10.096134   11.362502  ...   
Hydrophobe   7.654648  8.972726e+00   8.943435    9.908230   11.111968  ...   
Donor       13.428316  1.434770e+01  14.071406   14.158387   15.267225  ...   
Donor       10.525236  1.206682e+01  12.792405   12.272818   13.123744  ...   
Hydrophobe   8.210452  9.782637e+00  10.789000   10.076099   10.869249  ...   
Hydrophobe   7.035728  8.765107e+00  10.186270    9.169459    9.820316  ...   
Hydrophobe  13.747916  1.466375e+01  15.867597   13.894202   14.154122  ...   
Acceptor    12.229322  1.280068e+01  13.875143   11.803042   12.060449  ...   
Donor       11.507078  1.257610e+01  14.077044   12.001173   12.201364  ...   
Acceptor    10.616531  1.141465e+01  13.328955   10.677854   10.506635  ...   
Donor        9.812093  1.145815e+01  13.389697   11.462847   11.645454  ...   
Donor       10.074564  1.052680e+01  11.934460    9.521767    9.605593  ...   
Acceptor    11.446133  1.095796e+01  11.636088    9.215763    9.296692  ...   
Donor       11.196892  1.116138e+01  11.829371    9.763592   10.087811  ...   
Acceptor    12.099943  1.157505e+01  11.140858    9.976301   10.729463  ...   
Hydrophobe  12.376585  1.243792e+01  12.653809   11.150402   11.743133  ...   
Acceptor    11.586749  1.216390e+01  12.635909   11.331302   12.001042  ...   
Donor       10.484635  1.064143e+01  10.731599    9.607638   10.411990  ...   
Donor       10.261132  9.674298e+00   9.641803    8.022373    8.637851  ...   
Acceptor    11.311431  9.960900e+00   9.218337    7.837677    8.446655  ...   
Hydrophobe   8.333094  7.368451e+00   7.205754    5.623344    6.388004  ...   
Hydrophobe   8.403343  7.373980e+00   7.688738    5.460260    5.858054  ...   
Donor       10.764421  9.426511e+00   8.088945    7.563518    8.552667  ...   
Acceptor    13.833686  1.227123e+01  10.471256   10.276325   11.199358  ...   
Hydrophobe  11.627929  9.736965e+00   8.065122    7.561131    8.380168  ...   
Hydrophobe  12.465449  1.032939e+01   8.330611    8.141371    8.924333  ...   
Donor       13.277395  1.162176e+01   9.323864    9.853037   10.981683  ...   
Acceptor    16.311284  1.436115e+01  11.857102   12.419526   13.386226  ...   
Donor       15.099401  1.312626e+01  10.309548   11.427284   12.544940  ...   
Acceptor    13.849345  1.151872e+01   8.614777    9.781327   10.770361  ...   

            Hydrophobe  Hydrophobe      Donor   Acceptor  Hydrophobe  \
Acceptor      7.373551    6.833681  10.167254  13.155106   10.657748   
Donor         6.795485    6.215877   9.877868  12.955704   10.795510   
Acceptor      4.905246    5.149123   7.496636  10.647640    8.683556   
Donor         6.838585    6.875119   9.613102  12.785843   10.896915   
Acceptor      7.860142    8.354625   9.827286  12.818500   10.905663   
Donor         8.333094    8.403343  10.764421  13.833686   11.627929   
Donor         7.368451    7.373980   9.426511  12.271226    9.736965   
Acceptor      7.205754    7.688738   8.088945  10.471256    8.065122   
Hydrophobe    5.623344    5.460260   7.563518  10.276325    7.561131   
Hydrophobe    6.388004    5.858054   8.552667  11.199358    8.380168   
Acceptor      7.590013    7.164706   9.017177  11.199516    8.206402   
Donor         5.650160    6.226423   7.121903   9.933514    7.739351   
Acceptor      7.843121    8.888631   8.105401  10.350242    8.818359   
Hydrophobe    5.101336    6.170429   6.228219   9.081018    7.566732   
Hydrophobe    3.595591    4.724932   5.017379   8.044306    6.525517   
Donor         7.955395    8.725193   9.044919  11.670250    9.794797   
Hydrophobe    7.963426    8.854983   7.253685   8.672828    6.881229   
Hydrophobe    6.810267    7.551055   6.347086   7.987807    5.805787   
Hydrophobe    8.297295    9.679103   6.663276   7.536139    7.320886   
Acceptor      9.284122   10.826629   7.902026   8.840746    9.517993   
Acceptor      9.055494   10.471566   8.918987  10.871527   10.709928   
Acceptor      9.918882   11.249350   9.964512  11.723459   12.331969   
Donor         8.623381   10.077070   8.273074   9.966217   10.493955   
Acceptor      7.101507    8.266414   8.050161  10.511276   10.418547   
Hydrophobe    6.232688    7.716205   6.009934   8.109521    8.221446   
Hydrophobe    5.873844    7.396046   4.999367   6.755116    7.261289   
Donor         8.223055    9.499175   8.849935  11.213212   11.016199   
Hydrophobe    9.440968   10.547683  10.492722  13.076112   12.412163   
Donor        10.360538   11.541393  10.488480  12.059376   12.983477   
Donor         9.410917   10.232680  10.827071  13.252625   13.251435   
Hydrophobe    7.847793    8.559371   9.733297  12.502506   11.990375   
Hydrophobe    7.539567    8.038063   9.827154  12.772979   11.912364   
Hydrophobe    9.651389    9.586775  11.339949  13.217530   13.373142   
Acceptor      7.405827    7.256525   9.206382  11.203321   11.125112   
Donor         8.423472    8.272925  10.633332  12.967086   12.621558   
Acceptor      7.948638    7.243155  10.634938  13.100042   12.141781   
Donor         9.131729    9.046822  11.704131  14.428977   13.694035   
Donor         5.916187    5.406099   8.421789  10.864086   10.062749   
Acceptor      4.775639    3.967862   6.493775   8.318206    7.572794   
Donor         4.886916    4.691321   6.587648   8.622542    8.326616   
Acceptor      4.364034    5.090810   4.024127   5.435925    6.117735   
Hydrophobe    5.825273    6.226063   6.579144   8.196676    8.701769   
Acceptor      6.612322    7.178173   7.788952   9.809747   10.137308   
Donor         4.633595    5.479203   5.617953   7.854794    8.014478   
Donor         2.482014    2.918476   3.734687   6.100602    5.600464   
Acceptor      3.122511    3.369360   2.360385   3.956817    2.977893   
Hydrophobe    0.000000    1.547467   3.183322   6.227335    4.647813   
Hydrophobe    1.547467    0.000001   4.290271   7.042544    5.179518   
Donor         3.183322    4.290271   0.000000   3.175542    2.525925   
Acceptor      6.227335    7.042544   3.175542   0.000000    3.046422   
Hydrophobe    4.647813    5.179518   2.525925   3.046422    0.000000   
Hydrophobe    6.089189    6.526122   3.981151   3.613734    1.557563   
Donor         6.704284    7.770267   3.614170   2.278892    3.422144   
Acceptor      9.642600   10.425208   6.591210   3.930160    5.393965   
Donor         9.394239   10.345034   6.488038   4.751069    5.441734   
Acceptor      9.132979    9.832788   6.869472   6.059843    5.137070   

            Hydrophobe      Donor   Acceptor      Donor   Acceptor  
Acceptor     11.497284  13.050156  15.818721  14.983066  13.535852  
Donor        11.879136  13.110373  16.039831  15.398037  14.330227  
Acceptor      9.765668  10.373936  13.518323  12.593056  11.747578  
Donor        12.009789  12.585848  15.768283  14.849614  14.007189  
Acceptor     11.743150  12.007127  15.149498  13.773476  12.782886  
Donor        12.465449  13.277395  16.311284  15.099401  13.849345  
Donor        10.329394  11.621760  14.361148  13.126257  11.518717  
Acceptor      8.330611   9.323864  11.857102  10.309548   8.614777  
Hydrophobe    8.141371   9.853037  12.419526  11.427284   9.781327  
Hydrophobe    8.924333  10.981683  13.386226  12.544940  10.770361  
Acceptor      8.321820  10.775901  12.725047  11.788649   9.589363  
Donor         8.422153   9.071013  12.015223  10.686696   9.481206  
Acceptor      9.246548   8.817741  11.675482   9.864719   9.028103  
Hydrophobe    8.494387   8.190465  11.448735  10.158285   9.644387  
Hydrophobe    7.631472   7.482586  10.774127   9.756572   9.353124  
Donor        10.349828  10.430753  13.372809  11.715780  10.622301  
Hydrophobe    6.703712   6.921919   9.034094   7.106593   5.582139  
Hydrophobe    5.710113   6.544151   8.746416   7.102065   5.382944  
Hydrophobe    7.510406   5.489720   7.999517   6.066913   6.516040  
Acceptor     10.160041   7.348164  10.065721   8.671353   9.973491  
Acceptor     11.543310   9.560603  12.686418  11.184553  11.737441  
Acceptor     13.511658  11.177299  14.287791  13.437717  14.624676  
Donor        11.560588   9.160212  12.288298  11.284181  12.418034  
Acceptor     11.740882  10.217423  13.579943  12.797955  13.440246  
Hydrophobe    9.350959   7.380957  10.712260   9.744948  10.557555  
Hydrophobe    8.396754   6.155480   9.426972   8.661757   9.748035  
Donor        12.152826  10.452168  13.793136  12.659114  13.213890  
Hydrophobe   13.449936  12.145926  15.484416  14.122689  14.257148  
Donor        14.293966  11.991583  14.970981  14.514626  15.907837  
Donor        14.681876  13.302844  16.596642  16.030015  16.724183  
Hydrophobe   13.396859  12.487685  15.862075  15.186104  15.494645  
Hydrophobe   13.301185  12.792091  16.160374  15.467691  15.502131  
Hydrophobe   14.916290  14.460811  17.121644  17.512264  18.204819  
Acceptor     12.660862  12.474618  15.132219  15.511197  16.034267  
Donor        14.162585  13.990637  16.870495  17.012357  17.374362  
Acceptor     13.586293  14.214152  16.936132  17.114093  17.001343  
Donor        15.192351  15.075118  18.204875  17.992294  18.087321  
Donor        11.552098  11.971666  14.723280  14.907006  14.947740  
Acceptor      8.961558   9.847187  12.075126  12.645509  12.693061  
Donor         9.846020   9.956191  12.539438  12.943504  13.322157  
Acceptor      7.602153   6.749730   9.328137   9.780163  10.724901  
Hydrophobe   10.226320   9.467905  12.077602  12.511029  13.406621  
Acceptor     11.680329  10.670995  13.597362  13.698996  14.552477  
Donor         9.547326   8.572173  11.610688  11.592581  12.342425  
Donor         7.150560   7.207065   9.954575  10.167780  10.488539  
Acceptor      4.431981   5.321552   7.545178   7.985667   8.099445  
Hydrophobe    6.089189   6.704284   9.642600   9.394239   9.132979  
Hydrophobe    6.526122   7.770267  10.425208  10.345034   9.832788  
Donor         3.981151   3.614170   6.591210   6.488038   6.869472  
Acceptor      3.613734   2.278892   3.930160   4.751069   6.059843  
Hydrophobe    1.557563   3.422144   5.393965   5.441734   5.137070  
Hydrophobe    0.000000   3.559399   4.637915   4.636090   3.884232  
Donor         3.559399   0.000000   3.421963   3.052388   4.553750  
Acceptor      4.637915   3.421963   0.000000   2.327419   4.390749  
Donor         4.636090   3.052388   2.327419   0.000000   2.926595  
Acceptor      3.884232   4.553750   4.390749   2.926595   0.000000  

[56 rows x 56 columns]
1FC2 N147A
            Hydrophobe  Hydrophobe   Acceptor  Hydrophobe  Hydrophobe  \
Hydrophobe    0.000000    7.374363   7.476791    7.043988    8.125562   
Hydrophobe    7.374363    0.000000   2.434031    1.546516    2.565377   
Acceptor      7.476791    2.434031   0.000000    3.288154    4.609146   
Hydrophobe    7.043988    1.546516   3.288154    0.000000    1.526516   
Hydrophobe    8.125562    2.565377   4.609146    1.526516    0.000000   
...                ...         ...        ...         ...         ...   
Donor         7.790522   12.056989  10.465545   12.053487   13.498328   
Hydrophobe   10.043813   14.254109  12.563214   14.166379   15.579737   
Acceptor      9.474071   12.732786  10.964817   12.559511   13.933492   
Donor        11.155824   14.907011  13.197758   14.648632   15.980076   
Donor        12.562946   14.911054  12.873129   14.845289   16.208500   

                Donor   Acceptor  Hydrophobe  Hydrophobe  Hydrophobe  ...  \
Hydrophobe   5.852398   7.661758    4.512609    4.705476   13.153145  ...   
Hydrophobe   2.391348   5.312311    4.799051    6.227257    7.493477  ...   
Acceptor     2.276083   3.489946    4.241350    5.271678    6.034259  ...   
Hydrophobe   3.299544   6.406709    5.448805    6.860854    7.992244  ...   
Hydrophobe   4.666344   7.793427    6.830678    8.289059    8.543134  ...   
...               ...        ...         ...         ...         ...  ...   
Donor       10.147611   9.042118    8.476061    7.331301   13.825685  ...   
Hydrophobe  12.467475  11.238397   10.924870    9.803364   15.257693  ...   
Acceptor    11.199880  10.110522   10.054072    9.158069   13.226156  ...   
Donor       13.400376  12.365751   12.191760   11.259662   15.265396  ...   
